2.21030011431463 0
6.63090034294389 0
11.0515005715732 0
15.4721008002024 0
19.8927010288317 0
24.3133012574609 0
28.7339014860902 0
33.1545017147195 0
37.5751019433487 0
41.995702171978 0
46.4163024006073 0
50.8369026292365 0
55.2575028578658 0
59.678103086495 0
64.0987033151243 0
68.5193035437536 0
72.9399037723828 0
77.3605040010121 0
81.7811042296413 0
86.2017044582706 0
90.6223046868999 0
95.0429049155291 0
99.4635051441584 0
103.884105372788 0
108.304705601417 0
112.725305830046 0
117.145906058675 0
121.566506287305 0
125.987106515934 0
130.407706744563 0
134.828306973192 0
139.248907201822 0
143.669507430451 0
148.09010765908 0
152.51070788771 0
156.931308116339 0
161.351908344968 0
165.772508573597 0
170.193108802227 0
174.613709030856 0
179.034309259485 0
183.454909488114 0
187.875509716744 0
192.296109945373 0
196.716710174002 0
201.137310402631 0
205.557910631261 0
209.97851085989 0
214.399111088519 0
218.819711317148 0
223.240311545778 0
227.660911774407 0
232.081512003036 0
236.502112231665 0
240.922712460295 0
245.343312688924 0
249.763912917553 0
254.184513146183 0
258.605113374812 0
263.025713603441 0
267.44631383207 0
271.8669140607 0
276.287514289329 0
280.708114517958 0
285.128714746587 0
289.549314975217 0
293.969915203846 0
298.390515432475 0
302.811115661104 0
307.231715889734 0
311.652316118363 0
316.072916346992 0
320.493516575621 0
324.914116804251 0
329.33471703288 0
333.755317261509 0
338.175917490138 0
342.596517718768 0
347.017117947397 0
351.437718176026 0
355.858318404656 0
360.278918633285 0
364.699518861914 0
369.120119090543 0
373.540719319173 0
377.961319547802 0
382.381919776431 0
386.80252000506 0
391.22312023369 0
395.643720462319 0
400.064320690948 0
404.484920919577 0
408.905521148207 0
413.326121376836 0
417.746721605465 0
422.167321834094 0
426.587922062724 0
431.008522291353 0
435.429122519982 0
439.849722748612 0
444.270322977241 0
448.69092320587 0
453.111523434499 0
457.532123663129 0
461.952723891758 0
466.373324120387 0
470.793924349016 0
475.214524577646 0
479.635124806275 0
484.055725034904 0
488.476325263533 0
492.896925492163 0
497.317525720792 0
501.738125949421 0
506.15872617805 0
510.57932640668 0
514.999926635309 0
519.420526863938 0
523.841127092567 0
528.261727321197 0
532.682327549826 0
537.102927778455 0
541.523528007085 0
545.944128235714 0
550.364728464343 0
554.785328692972 0
559.205928921602 0
563.626529150231 0
568.04712937886 0
572.467729607489 0
576.888329836119 0
581.308930064748 0
585.729530293377 0
590.150130522006 0
594.570730750636 0
598.991330979265 0
603.411931207894 0
607.832531436523 0
612.253131665153 0
616.673731893782 0
621.094332122411 0
625.514932351041 0
629.93553257967 0
634.356132808299 0
638.776733036928 0
643.197333265558 0
647.617933494187 0
652.038533722816 0
656.459133951445 0
660.879734180075 0
665.300334408704 0
669.720934637333 0
674.141534865962 0
678.562135094592 0
682.982735323221 0
687.40333555185 0
691.823935780479 0
696.244536009109 0
700.665136237738 0
705.085736466367 0
709.506336694996 0
713.926936923626 0
718.347537152255 0
722.768137380884 0
727.188737609514 0
731.609337838143 0
736.029938066772 0
740.450538295401 0
744.871138524031 0
749.29173875266 0
753.712338981289 0
758.132939209918 0
762.553539438548 0
766.974139667177 0
771.394739895806 0
775.815340124435 0
780.235940353065 0
784.656540581694 0
789.077140810323 0
793.497741038952 0
797.918341267582 0
802.338941496211 0
806.75954172484 0
811.18014195347 0
815.600742182099 0
820.021342410728 0
824.441942639357 0
828.862542867987 0
833.283143096616 0
837.703743325245 0
842.124343553874 0
846.544943782504 0
850.965544011133 0
855.386144239762 0
859.806744468391 0
864.227344697021 0
868.64794492565 0
873.068545154279 0
877.489145382908 0
881.909745611538 0
886.330345840167 0
890.750946068796 0
895.171546297425 0
899.592146526055 0
904.012746754684 0
908.433346983313 0
912.853947211943 0
917.274547440572 0
921.695147669201 0
926.11574789783 0
930.53634812646 0
934.956948355089 0
939.377548583718 0
943.798148812347 0
948.218749040977 0
952.639349269606 0
957.059949498235 0
961.480549726864 1.95649995753134e-321
965.901149955494 3.66831716479306e-316
970.321750184123 5.57208615851889e-311
974.742350412752 6.88549733981593e-306
979.162950641381 6.95037518869014e-301
983.583550870011 5.75417507131312e-296
988.00415109864 3.92251810700212e-291
992.424751327269 2.21013576400032e-286
996.845351555898 1.03316831406747e-281
1001.26595178453 4.02169751289427e-277
1005.68655201316 1.30823292052685e-272
1010.10715224179 3.56872699667148e-268
1014.52775247042 8.19170781741297e-264
1018.94835269904 1.58750370919124e-259
1023.36895292767 2.60583803569822e-255
1027.7895531563 3.6345736148328e-251
1032.21015338493 4.32098304410392e-247
1036.63075361356 4.39191418811913e-243
1041.05135384219 3.82786633625891e-239
1045.47195407082 2.86914063338003e-235
1049.89255429945 1.85469035510631e-231
1054.31315452808 1.03686071067079e-227
1058.73375475671 5.02663156473918e-224
1063.15435498534 2.11881724519553e-220
1067.57495521397 7.78568048625768e-217
1071.9955554426 2.50027862792877e-213
1076.41615567123 7.03472370235408e-210
1080.83675589985 1.7383094004504e-206
1085.25735612848 3.78146638178279e-203
1089.67795635711 7.25865223930476e-200
1094.09855658574 1.23225913592168e-196
1098.51915681437 1.85423582603005e-193
1102.939757043 2.47850992124582e-190
1107.36035727163 2.94920461455886e-187
1111.78095750026 3.13050096727141e-184
1116.20155772889 2.97032843987968e-181
1120.62215795752 2.5243241555755e-178
1125.04275818615 1.92524453971863e-175
1129.46335841478 1.32025902178769e-172
1133.88395864341 8.15604954242558e-170
1138.30455887203 4.54722160171991e-167
1142.72515910066 2.29213142070089e-164
1147.14575932929 1.04646693206181e-161
1151.56635955792 4.33464814272448e-159
1155.98695978655 1.63176997261362e-156
1160.40756001518 5.59191021905334e-154
1164.82816024381 1.74727959113009e-151
1169.24876047244 4.98604388943518e-149
1173.66936070107 1.30142110166297e-146
1178.0899609297 3.1117923437813e-144
1182.51056115833 6.82627932717034e-142
1186.93116138696 1.37586197874435e-139
1191.35176161559 2.55156743067514e-137
1195.77236184422 4.36005742334833e-135
1200.19296207284 6.87432176095166e-133
1204.61356230147 1.00140020516604e-130
1209.0341625301 1.34958984666769e-128
1213.45476275873 1.6849114403947e-126
1217.87536298736 1.95113500114786e-124
1222.29596321599 2.09833853596901e-122
1226.71656344462 2.09833239247234e-120
1231.13716367325 1.95346530173681e-118
1235.55776390188 1.69504774143326e-116
1239.97836413051 1.3724776189748e-114
1244.39896435914 1.03816976077733e-112
1248.81956458777 7.34436921817309e-111
1253.2401648164 4.86449440288651e-109
1257.66076504503 3.01983388446712e-107
1262.08136527365 1.75892289275807e-105
1266.50196550228 9.62224937184233e-104
1270.92256573091 4.94893460032866e-102
1275.34316595954 2.3954280455338e-100
1279.76376618817 1.09222926427086e-98
1284.1843664168 4.69589984940581e-97
1288.60496664543 1.90548506706435e-95
1293.02556687406 7.30421929602687e-94
1297.44616710269 2.64737846438506e-92
1301.86676733132 9.0806608306913e-91
1306.28736755995 2.95023238003859e-89
1310.70796778858 9.08664533791105e-88
1315.12856801721 2.65536345434583e-86
1319.54916824583 7.36843486477494e-85
1323.96976847446 1.94316083303268e-83
1328.39036870309 4.87381976642889e-82
1332.81096893172 1.16357980040518e-80
1337.23156916035 2.64619325291418e-79
1341.65216938898 5.73683474822773e-78
1346.07276961761 1.18650453636403e-76
1350.49336984624 2.34276059866752e-75
1354.91397007487 4.4193401457708e-74
1359.3345703035 7.97006818318675e-73
1363.75517053213 1.37511949821071e-71
1368.17577076076 2.27136057603014e-70
1372.59637098939 3.59407599136827e-69
1377.01697121801 5.45164030333902e-68
1381.43757144664 7.93202706371429e-67
1385.85817167527 1.10772428629244e-65
1390.2787719039 1.48572473614687e-64
1394.69937213253 1.91499767761736e-63
1399.11997236116 2.37345412804357e-62
1403.54057258979 2.83029124461584e-61
1407.96117281842 3.24914974218369e-60
1412.38177304705 3.59288207913785e-59
1416.80237327568 3.82906687709546e-58
1421.22297350431 3.93511725745899e-57
1425.64357373294 3.90185461373865e-56
1430.06417396157 3.73476381258869e-55
1434.4847741902 3.4527087096867e-54
1438.90537441882 3.084492726602e-53
1443.32597464745 2.6641158514218e-52
1447.74657487608 2.22578328331043e-51
1452.16717510471 1.79963459082945e-50
1456.58777533334 1.40885150610072e-49
1461.00837556197 1.06839003844188e-48
1465.4289757906 7.85197769518501e-48
1469.84957601923 5.59513374192911e-47
1474.27017624786 3.86739366019138e-46
1478.69077647649 2.59414286091656e-45
1483.11137670512 1.68937071580841e-44
1487.53197693375 1.06855401865763e-43
1491.95257716238 6.56735224846672e-43
1496.37317739101 3.92360557687139e-42
1500.79377761963 2.27959430475111e-41
1505.21437784826 1.28848717408296e-40
1509.63497807689 7.08799298238323e-40
1514.05557830552 3.79624887487741e-39
1518.47617853415 1.98033730325694e-38
1522.89677876278 1.00655841121511e-37
1527.31737899141 4.98670578136427e-37
1531.73797922004 2.40890976335822e-36
1536.15857944867 1.13504717178637e-35
1540.5791796773 5.21850365532323e-35
1544.99977990593 2.34188988119586e-34
1549.42038013456 1.02617792878295e-33
1553.84098036319 4.39197224763713e-33
1558.26158059181 1.83662264506152e-32
1562.68218082044 7.50661565136999e-32
1567.10278104907 2.99965002233963e-31
1571.5233812777 1.17229053194141e-30
1575.94398150633 4.48200323924344e-30
1580.36458173496 1.6769233125646e-29
1584.78518196359 6.1416944383457e-29
1589.20578219222 2.20254607621947e-28
1593.62638242085 7.73658750360747e-28
1598.04698264948 2.6624743420178e-27
1602.46758287811 8.97955819750247e-27
1606.88818310674 2.9687811364759e-26
1611.30878333537 9.62439307958115e-26
1615.729383564 3.0602503439098e-25
1620.14998379262 9.54648928564306e-25
1624.57058402125 2.92244607309217e-24
1628.99118424988 8.781660456044e-24
1633.41178447851 2.59085820200805e-23
1637.83238470714 7.50680976505089e-23
1642.25298493577 2.13657529981872e-22
1646.6735851644 5.97498321358516e-22
1651.09418539303 1.64215430002132e-21
1655.51478562166 4.436613213351e-21
1659.93538585029 1.17855414011878e-20
1664.35598607892 3.07897672883817e-20
1668.77658630755 7.91260056810256e-20
1673.19718653618 2.00070783625825e-19
1677.6177867648 4.97844719927717e-19
1682.03838699343 1.21939034997823e-18
1686.45898722206 2.94050323738893e-18
1690.87958745069 6.98265726932501e-18
1695.30018767932 1.63315993737573e-17
1699.72078790795 3.76299036507444e-17
1704.14138813658 8.5431902920357e-17
1708.56198836521 1.91150116879501e-16
1712.98258859384 4.21580253669454e-16
1717.40318882247 9.16683959141414e-16
1721.8237890511 1.96550410975482e-15
1726.24438927973 4.15645738249292e-15
1730.66498950836 8.67055102140408e-15
1735.08558973699 1.78452178960336e-14
1739.50618996561 3.62431121296405e-14
1743.92679019424 7.26495883951905e-14
1748.34739042287 1.43753813623699e-13
1752.7679906515 2.80839091801687e-13
1757.18859088013 5.41776410141788e-13
1761.60919110876 1.03223436774691e-12
1766.02979133739 1.9426857777271e-12
1770.45039156602 3.61211993015359e-12
1774.87099179465 6.63629167335414e-12
1779.29159202328 1.2049245562796e-11
1783.71219225191 2.16237873355514e-11
1788.13279248054 3.83624803251163e-11
1792.55339270917 6.72897911466742e-11
1796.97399293779 1.16713994661105e-10
1801.39459316642 2.00212280859748e-10
1805.81519339505 3.39714760124478e-10
1810.23579362368 5.70236585356061e-10
1814.65639385231 9.4704993442036e-10
1819.07699408094 1.55642130086285e-09
1823.49759430957 2.53149143672101e-09
1827.9181945382 4.07547732160537e-09
1832.33879476683 6.49516419730216e-09
1836.75939499546 1.02486710145007e-08
1841.17999522409 1.60127561482438e-08
1845.60059545272 2.47765219727835e-08
1850.02119568135 3.7970310888335e-08
1854.44179590998 5.76408837917462e-08
1858.8623961386 8.66866375205892e-08
1863.28299636723 1.29169624921548e-07
1867.70359659586 1.90724426041072e-07
1872.12419682449 2.79087368805089e-07
1876.54479705312 4.04773040689698e-07
1880.96539728175 5.81928229757777e-07
1885.38599751038 8.29396070946481e-07
1889.80659773901 1.17202486369435e-06
1894.22719796764 1.64225631210302e-06
1898.64779819627 2.28202630405615e-06
1903.0683984249 3.14500724141476e-06
1907.48899865353 4.29921380720269e-06
1911.90959888216 5.82998339482311e-06
1916.33019911078 7.84332780717173e-06
1920.75079933941 1.04696339882141e-05
1925.17139956804 1.3867668416674e-05
1929.59199979667 1.82288125855321e-05
1934.0126000253 2.37814262561559e-05
1938.43320025393 3.07952018283432e-05
1942.85380048256 3.95853385192372e-05
1947.27440071119 5.05163307998728e-05
1951.69500093982 6.40051337629097e-05
1956.11560116845 8.05234411454277e-05
1960.53620139708 0.000100598792151266
1964.95680162571 0.000124814213602977
1969.37740185434 0.000153806106782267
1973.79800208297 0.000188260105763266
1978.21860231159 0.000228904667777792
1982.63920254022 0.000276502207154665
1987.05980276885 0.000331837652760518
1991.48040299748 0.000395704393750798
1995.90100322611 0.000468887677847436
2000.32160345474 0.000552145637219546
2004.74220368337 0.000646188235234881
2009.162803912 0.000751654547830952
2013.58340414063 0.000869088910277858
2018.00400436926 0.000998916567485007
2022.42460459789 0.0011414195574543
2026.84520482652 0.00129671362697932
2031.26580505515 0.00146472702084934
2035.68640528378 0.00164518199626623
2040.1070055124 0.00183757988988001
2044.52760574103 0.0020411905043563
2048.94820596966 0.00225504648504152
2053.36880619829 0.0024779432272832
2057.78940642692 0.00270844469530743
2062.21000665555 0.00294489534994741
2066.63060688418 0.00318543818207905
2071.05120711281 0.00342803863955859
2075.47180734144 0.00367051402665515
2079.89240757007 0.00391056775551523
2084.3130077987 0.00414582764791259
2088.73360802733 0.00437388733050933
2093.15420825596 0.00459234964501102
2097.57480848458 0.00479887091134555
2101.99540871321 0.00499120484094845
2106.41600894184 0.00516724490005234
2110.83660917047 0.00532506396919517
2115.2572093991 0.00546295023265835
2119.67780962773 0.00557943835609597
2124.09840985636 0.00567333516654096
2128.51901008499 0.00574373922936791
2132.93961031362 0.00579005391389639
2137.36021054225 0.00581199374493294
2141.78081077088 0.00580958404343096
2146.20141099951 0.00578315405771158
2150.62201122814 0.00573332397014794
2155.04261145676 0.00566098632668326
2159.46321168539 0.00556728257305908
2163.88381191402 0.00545357548857705
2168.30441214265 0.00532141838344346
2172.72501237128 0.00517252196852584
2177.14561259991 0.0050087198173172
2181.56621282854 0.00483193332091434
2185.98681305717 0.00464413699077088
2190.4074132858 0.00444732489461417
2194.82801351443 0.00424347892253787
2199.24861374306 0.00403453947757884
2203.66921397169 0.00382237907285412
2208.08981420032 0.00360877920028211
2212.51041442895 0.00339541071846687
2216.93101465757 0.00318381789348467
2221.3516148862 0.00297540611951703
2225.77221511483 0.00277143324934383
2230.19281534346 0.00257300437978043
2234.61341557209 0.00238106986567877
2239.03401580072 0.00219642627891813
2243.45461602935 0.00201971998608252
2247.87521625798 0.00185145298991809
2252.29581648661 0.0016919906643843
2256.71641671524 0.00154157100999148
2261.13701694387 0.00140031506372011
2265.5576171725 0.00126823811452049
2269.97821740113 0.00114526139948942
2274.39881762975 0.00103122398558038
2278.81941785838 0.000925894575451321
2283.24001808701 0.000828983012216267
2287.66061831564 0.000740151295019151
2292.08121854427 0.000659023954245316
2296.5018187729 0.000585197670774617
2300.92241900153 0.000518250057113603
2305.34301923016 0.00045774754887329
2309.76361945879 0.000403252382430077
2314.18421968742 0.000354328658439667
2318.60481991605 0.000310547511047527
2323.02542014468 0.000271491419166792
2327.44602037331 0.000236757709202463
2331.86662060194 0.000205961308302438
2336.28722083056 0.00017873681389218
2340.70782105919 0.000154739949224487
2345.12842128782 0.000133648476300339
2349.54902151645 0.000115162637150857
2353.96962174508 9.90051924704426e-05
2358.39022197371 8.4921123297864e-05
2362.81082220234 7.26770571732633e-05
2367.23142243097 6.20604752425088e-05
2371.6520226596 5.2878751391311e-05
2376.07262288823 4.49580688895046e-05
2380.49322311686 3.81422543958064e-05
2384.91382334549 3.22915636651508e-05
2389.33442357412 2.7281448032456e-05
2393.75502380275 2.30013258065077e-05
2398.17562403137 1.93533781574918e-05
2402.59622426 1.62513849601243e-05
2407.01682448863 1.36196123805504e-05
2411.43742471726 1.13917607720223e-05
2415.85802494589 9.5099786618828e-06
2420.27862517452 7.92394625050373e-06
2424.69922540315 6.59002987432177e-06
2429.11982563178 5.47050727767407e-06
2433.54042586041 4.53286225661206e-06
2437.96102608904 3.74914624573391e-06
2442.38162631767 3.09540367989073e-06
2446.8022265463 2.55115744103488e-06
2451.22282677493 2.09895036299947e-06
2455.64342700355 1.72393858257674e-06
2460.06402723218 1.4135324656041e-06
2464.48462746081 1.15708087654634e-06
2468.90522768944 9.45594676962588e-07
2473.32582791807 7.7150551291327e-07
2477.7464281467 6.28456167274255e-07
2482.16702837533 5.11118996208146e-07
2486.58762860396 4.15039228246868e-07
2491.00822883259 3.36500170302311e-07
2495.42882906122 2.72407630108973e-07
2499.84942928985 2.20191123466956e-07
2504.27002951848 1.77719682990012e-07
2508.69062974711 1.43230319887907e-07
2513.11122997574 1.15267409651539e-07
2517.53183020436 9.26314752177923e-08
2521.95243043299 7.43360267822292e-08
2526.37303066162 5.95712859333654e-08
2530.79363089025 4.76737736243654e-08
2535.21423111888 3.81008773881704e-08
2539.63483134751 3.04096340504835e-08
2544.05543157614 2.42390710416809e-08
2548.47603180477 1.92955433643105e-08
2552.8966320334 1.53405854744113e-08
2557.31723226203 1.2180868910648e-08
2561.73783249066 9.65991854915335e-09
2566.15843271929 7.65129391477296e-09
2570.57903294792 6.05298801668127e-09
2574.99963317654 4.78283560067828e-09
2579.42023340517 3.77475634787093e-09
2583.8408336338 2.97568714854719e-09
2588.26143386243 2.34308181360214e-09
2592.68203409106 1.84287705380464e-09
2597.10263431969 1.4478407908033e-09
2601.52323454832 1.13623333057536e-09
2605.94383477695 8.90724039045198e-10
2610.36443500558 6.97516266722033e-10
2614.78503523421 5.45641682530091e-10
2619.20563546284 4.26392162009853e-10
2623.62623569147 3.32863159477654e-10
2628.0468359201 2.59587272080241e-10
2632.46743614873 2.02240641480456e-10
2636.88803637735 1.57408076457976e-10
2641.30863660598 1.22395435491516e-10
2645.72923683461 9.50799821389156e-11
2650.14983706324 7.37912014140785e-11
2654.57043729187 5.72160123443827e-11
2658.9910375205 4.43234888144897e-11
2663.41163774913 3.43051561599165e-11
2667.83223797776 2.65277049693309e-11
2672.25283820639 2.04955894275567e-11
2676.67343843502 1.58214826898434e-11
2681.09403866365 1.2202968766183e-11
2685.51463889228 9.40417770968712e-12
2689.93523912091 7.24133368641976e-12
2694.35583934953 5.57139612114758e-12
2698.77643957816 4.28314264026565e-12
2703.19703980679 3.29017716249565e-12
2707.61764003542 2.52545386723985e-12
2712.03824026405 1.93699328225546e-12
2716.45884049268 1.48453472620877e-12
2720.87944072131 1.13692332578509e-12
2725.30004094994 8.7007262540746e-13
2729.72064117857 6.65377689433967e-13
2734.1412414072 5.08480381998382e-13
2738.56184163583 3.88309655683897e-13
2742.98244186446 2.96336351740153e-13
2747.40304209309 2.25995141006774e-13
2751.82364232171 1.7223655652652e-13
2756.24424255034 1.31180174948615e-13
2760.66484277897 9.98463619250938e-14
2765.0854430076 7.59489776376551e-14
2769.50604323623 5.7735335970668e-14
2773.92664346486 4.38627567958541e-14
2778.34724369349 3.33034286096504e-14
2782.76784392212 2.52711528352402e-14
2787.18844415075 1.91649852047684e-14
2791.60904437938 1.45259131960285e-14
2796.02964460801 1.10035817255714e-14
2800.45024483664 8.33075725695251e-15
2804.87084506527 6.30374629148551e-15
2809.2914452939 4.76739160122352e-15
2813.71204552252 3.60358489403173e-15
2818.13264575115 2.72247843421003e-15
2822.55324597978 2.05576650903551e-15
2826.97384620841 1.55155301218512e-15
2831.39444643704 1.17043351518907e-15
2835.81504666567 8.82506557876288e-16
2840.2356468943 6.65095359365708e-16
2844.65624712293 5.01012268355041e-16
2849.07684735156 3.77237547794474e-16
2853.49744758019 2.83914241865081e-16
2857.91804780882 2.13584002624725e-16
2862.33864803745 1.60606481228092e-16
2866.75924826608 1.2071846503354e-16
2871.17984849471 9.06993310612934e-17
2875.60044872333 6.811733029474e-17
2880.02104895196 5.11372870919991e-17
2884.44164918059 3.83749322514348e-17
2888.86224940922 2.87866239662472e-17
2893.28284963785 2.15859065059899e-17
2897.70344986648 1.61804101389509e-17
2902.12405009511 1.21241593470821e-17
2906.54465032374 9.08154595639303e-18
2910.96525055237 6.80012825408782e-18
2915.385850781 5.09010438010571e-18
2919.80645100963 3.80883010590354e-18
2924.22705123826 2.84914710253009e-18
2928.64765146689 2.1305881127487e-18
2933.06825169551 1.59275305700218e-18
2937.48885192414 1.1903225160539e-18
2941.90945215277 8.89305555808269e-19
2946.3300523814 6.64217613498996e-19
2950.75065261003 4.95958839710081e-19
2955.17125283866 3.702197273404e-19
2959.59185306729 2.76283488190671e-19
2964.01245329592 2.06126821149824e-19
2968.43305352455 1.53745000194792e-19
2972.85365375318 1.14645525001334e-19
2977.27425398181 8.54683824779573e-20
2981.69485421044 6.37013690204931e-20
2986.11545443907 4.74667563095745e-20
2990.5360546677 3.53614794960126e-20
2994.95665489632 2.63374625866722e-20
2999.37725512495 1.96120318056399e-20
3003.79785535358 1.46008753238375e-20
3008.21845558221 1.08678918898819e-20
3012.63905581084 8.08768597200233e-21
3017.05965603947 6.01752936681332e-21
3021.4802562681 4.47640644441923e-21
3025.90085649673 3.32935821129126e-21
3030.32145672536 2.47578878219665e-21
3034.74205695399 1.84073395668809e-21
3039.16265718262 1.36834342718723e-21
3043.58325741125 1.01701676528769e-21
3048.00385763988 7.55774556639037e-22
3052.42445786851 5.6155175502654e-22
3056.84505809713 4.17179411472454e-22
3061.26565832576 3.09880086076317e-22
3065.68625855439 2.30146478531632e-22
3070.10685878302 1.70905872344006e-22
3074.52745901165 1.26897690574526e-22
3078.94805924028 9.42099139887383e-23
3083.36865946891 6.99338928525737e-23
3087.78925969754 5.19073714963951e-23
3092.20985992617 3.85232231089346e-23
3096.6304601548 2.85871213418917e-23
3101.05106038343 2.12116488721466e-23
3105.47166061206 1.57375300376386e-23
3109.89226084069 1.16750506995651e-23
3114.31286106931 8.66049948512086e-24
3118.73346129794 6.42378427412065e-24
3123.15406152657 4.76436097408061e-24
3127.5746617552 3.53334392636594e-24
3131.99526198383 2.62021259629036e-24
3136.41586221246 1.94293517917137e-24
3140.83646244109 1.44063193772657e-24
3145.25706266972 1.0681259641107e-24
3149.67766289835 7.91896374970261e-25
3154.09826312698 5.87073410173754e-25
3158.51886335561 4.35207473152722e-25
3162.93946358424 3.22612983770712e-25
3167.36006381287 2.39139089610273e-25
3171.78066404149 1.77257321773946e-25
3176.20126427012 1.31384553181171e-25
3180.62186449875 9.73806258720014e-26
3185.04246472738 7.21756225677335e-26
3189.46306495601 5.34933528130125e-26
3193.88366518464 3.9646236244549e-26
3198.30426541327 2.9383161329303e-26
3202.7248656419 2.17766470513225e-26
3207.14546587053 1.61391609827944e-26
3211.56606609916 1.1961064657559e-26
3215.98666632779 8.86460000705929e-27
3220.40726655642 6.56977253416266e-27
3224.82786678505 4.86905692319485e-27
3229.24846701368 3.60864474563044e-27
3233.6690672423 2.6745429819968e-27
3238.08966747093 1.98226907747587e-27
3242.51026769956 1.46921240564339e-27
3246.93086792819 1.08897244726278e-27
3251.35146815682 8.07162308457683e-28
3255.77206838545 5.98298441413752e-28
3260.19266861408 4.43495490525403e-28
3264.61326884271 3.28757896389394e-28
3269.03386907134 2.43713799091636e-28
3273.45446929997 1.80676749475234e-28
3277.8750695286 1.33950366328847e-28
3282.29566975723 9.93130415000018e-29
3286.71626998586 7.36360759812283e-29
3291.13687021449 5.46006978917128e-29
3295.55747044311 4.04883578628646e-29
3299.97807067174 3.00253267042916e-29
3304.39867090037 2.22675334697826e-29
3308.819271129 1.65152232901594e-29
3313.23987135763 1.22497128221007e-29
3317.66047158626 9.086520922697e-30
3322.08107181489 6.7406340876158e-30
3326.50167204352 5.00076435793368e-30
3330.92227227215 3.71027117434449e-30
3335.34287250078 2.75302168065682e-30
3339.76347272941 2.04291082807322e-30
3344.18407295804 1.51609375289703e-30
3348.60467318667 1.12522826518709e-30
3353.02527341529 8.3520710480675e-31
3357.44587364392 6.1999435262848e-31
3361.86647387255 4.60280224091126e-31
3366.28707410118 3.41742456906217e-31
3370.70767432981 2.53757330820803e-31
3375.12827455844 1.88443986887172e-31
3379.54887478707 1.39955823369093e-31
3383.9694750157 1.03955059618299e-31
3388.39007524433 7.72230967236863e-32
3392.81067547296 5.73715603466024e-32
3397.23127570159 4.26279953574531e-32
3401.65187593022 3.16769150563174e-32
3406.07247615885 2.35418985545664e-32
3410.49307638747 1.74981293575423e-32
3414.9136766161 1.30075105695716e-32
3419.33427684473 9.67052514644274e-33
3423.75487707336 7.19051682131441e-33
3428.17547730199 5.34718477901882e-33
3432.59607753062 3.97691368553568e-33
3437.01667775925 2.95817503063856e-33
3441.43727798788 2.20069130787948e-33
3445.85787821651 1.63739239879088e-33
3450.27847844514 1.21844408551949e-33
3454.69907867377 9.06814452292811e-34
3459.1196789024 6.74981779257031e-34
3463.54027913103 5.02489784456761e-34
3467.96087935966 3.74131926492053e-34
3472.38147958828 2.78602759954728e-34
3476.80207981691 2.07496094081608e-34
3481.22268004554 1.54560691569178e-34
3485.64328027417 1.1514723984796e-34
3490.0638805028 8.57973937011671e-35
3494.48448073143 6.3938355680693e-35
3498.90508096006 4.76558640874315e-35
3503.32568118869 3.55254391704782e-35
3507.74628141732 2.64869212249642e-35
3512.16688164595 1.97511828439538e-35
3516.58748187458 1.47307555753483e-35
3521.00808210321 1.09882338388121e-35
3525.42868233184 8.19789556354842e-36
3529.84928256047 6.11715019133101e-36
3534.26988278909 4.56529480164719e-36
3538.69048301772 3.40770562579466e-36
3543.11108324635 2.54407264163715e-36
3547.53168347498 1.8996419889404e-36
3551.95228370361 1.41869633266666e-36
3556.37288393224 1.05970058329686e-36
3560.79348416087 7.91687055167663e-37
3565.2140843895 5.9156320285805e-37
3569.63468461813 4.42106177722238e-37
3574.05528484676 3.304687662349e-37
3578.47588507539 2.47066140323872e-37
3582.89648530402 1.84746229595047e-37
3587.31708553265 1.38171361407657e-37
3591.73768576127 1.03357296448167e-37
3596.1582859899 7.73295424622458e-38
3600.57888621853 5.78670674141201e-38
3604.99948644716 4.33111555846529e-38
3609.42008667579 3.24228253924555e-38
3613.84068690442 2.42764539595324e-38
3618.26128713305 1.81804010807414e-38
3622.68188736168 1.36177699178834e-38
3627.10248759031 1.02021885291167e-38
3631.52308781894 7.64479791340734e-39
3635.94368804757 5.72960222375176e-39
3640.3642882762 4.29505977321686e-39
3644.78488850483 3.2203324078603e-39
3649.20548873346 2.41501265331568e-39
3653.62608896208 1.81144768964364e-39
3658.04668919071 1.35900269330275e-39
3662.46728941934 1.01977279182715e-39
3666.88788964797 7.65377251052436e-40
3671.3084898766 5.74562321476275e-40
3675.72909010523 4.31408433286067e-40
3680.14969033386 3.23989130151275e-40
3684.57029056249 2.43367729730435e-40
3688.99089079112 1.82846519584244e-40
3693.41149101975 1.37404821128767e-40
3697.83209124838 1.03278331587105e-40
3702.25269147701 7.76441649646871e-41
3706.67329170564 5.83849878938465e-41
3711.09389193426 4.39123534803367e-41
3715.51449216289 3.30343498368233e-41
3719.93509239152 2.48564281833942e-41
3724.35569262015 1.87070781005331e-41
3728.77629284878 1.40821136185272e-41
3733.19689307741 1.06029017537014e-41
3737.61749330604 7.985038160281e-42
3742.03809353467 6.01485236417936e-42
3746.4586937633 4.53178202182581e-42
3750.87929399193 3.41514744593061e-42
3755.29989422056 2.57422585968642e-42
3759.72049444919 1.94080058670867e-42
3764.14109467782 1.46356691918695e-42
3768.56169490645 1.10393113246882e-42
3772.98229513507 8.32855049447688e-43
3777.4028953637 6.28485444598269e-43
3781.82349559233 4.74372706435291e-43
3786.24409582096 3.58132006548795e-43
3790.66469604959 2.70436839637773e-43
3795.08529627822 2.04262262293946e-43
3799.50589650685 1.54315760741293e-43
3803.92649673548 1.16609136390062e-43
3808.34709696411 8.81363995038958e-44
3812.76769719274 6.66313697095279e-44
3817.18829742137 5.03852202489234e-44
3821.60889765 3.81091126438341e-44
3826.02949787863 2.8830756139407e-44
3830.45009810725 2.18164966687417e-44
3834.87069833588 1.65126217501309e-44
3839.29129856451 1.25011322276446e-44
3843.71189879314 9.46640782522432e-45
3848.13249902177 7.1700777326235e-45
3852.5530992504 5.43207242436048e-45
3856.97369947903 4.11633310655684e-45
3861.39429970766 3.12003150726314e-45
3865.81489993629 2.36543591088253e-45
3870.23550016492 1.79377248232719e-45
3874.65610039355 1.36059138885098e-45
3879.07670062218 1.03226805459096e-45
3883.49730085081 7.83360884492718e-46
3887.91790107944 5.94615347557976e-46
3892.33850130806 4.51455963050733e-46
3896.75910153669 3.4284666193845e-46
3901.17970176532 2.60429340709464e-46
3905.60030199395 1.97872550057381e-46
3910.02090222258 1.50378946596556e-46
3914.44150245121 1.14312721931838e-46
3918.86210267984 8.69177193639446e-47
3923.28270290847 6.61041145769064e-47
3927.7033031371 5.02869456857648e-47
3932.12390336573 3.82638617349451e-47
3936.54450359436 2.91225425514231e-47
3940.96510382299 2.2170572119934e-47
3945.38570405162 1.68823073806905e-47
3949.80630428025 1.2858614109655e-47
3954.22690450887 9.79634661473756e-48
3958.6475047375 7.46520781914555e-48
3963.06810496613 5.69020087312649e-48
3967.48870519476 4.33831800956077e-48
3971.90930542339 3.30844112296495e-48
3976.32990565202 2.52367732504016e-48
3980.75050588065 1.92554101848062e-48
3985.17110610928 1.46953657301354e-48
3989.59170633791 1.12180362296748e-48
3994.01230656654 8.56568754954393e-49
3998.43290679517 6.54209284816589e-49
4002.8535070238 4.99781750450061e-49
4007.27410725243 3.81903314351322e-49
4011.69470748105 2.91901233126215e-49
4016.11530770968 2.23165996828442e-49
4020.53590793831 1.70659248006461e-49
4024.95650816694 1.30539354411173e-49
4029.37710839557 9.98764359853481e-50
4033.7977086242 7.64354219769718e-50
4038.21830885283 5.85108575333321e-50
4042.63890908146 4.48010848362338e-50
4047.05950931009 3.4312390317879e-50
4051.48010953872 2.6285963147473e-50
4055.90070976735 2.0142222695495e-50
4060.32130999598 1.54383743102389e-50
4064.74191022461 1.18360423010428e-50
4069.16251045323 9.07658151354518e-51
4073.58311068186 6.96224123564566e-51
4078.00371091049 5.34179061589535e-51
4082.42431113912 4.09954613802527e-51
4086.84491136775 3.1469939146453e-51
4091.26551159638 2.41639158853765e-51
4095.68611182501 1.85588086232813e-51
4100.10671205364 1.42575306402275e-51
4104.52731228227 1.09559502077302e-51
4108.9479125109 8.42107186958837e-52
4113.36851273953 6.47435271093344e-52
4117.78911296816 4.97894193551506e-52
4122.20971319679 3.8299187262113e-52
4126.63031342542 2.94682202964164e-52
4131.05091365404 2.2679327489721e-52
4135.47151388267 1.74589616226263e-52
4139.8921141113 1.34436958703707e-52
4144.31271433993 1.03545453274991e-52
4148.73331456856 7.97729269161998e-53
4153.15391479719 6.14741043495337e-53
4157.57451502582 4.73850269573806e-53
4161.99511525445 3.65344303531451e-53
4166.41571548308 2.81757755943159e-53
4170.83631571171 2.17351075700841e-53
4175.25691594034 1.67710450022528e-53
4179.67751616897 1.29440717157551e-53
4184.0981163976 9.99296094652e-54
4188.51871662622 7.71667126307266e-54
4192.93931685485 5.96044070733148e-54
4197.35991708348 4.60510292110603e-54
4201.78051731211 3.55887665346836e-54
4206.20111754074 2.75105445348894e-54
4210.62171776937 2.12715001848056e-54
4215.042317998 1.64516613347431e-54
4219.46291822663 1.27272370528891e-54
4223.88351845526 9.84852652933857e-55
4228.30411868389 7.62291643442925e-55
4232.72471891252 5.90179134485579e-55
4237.14531914115 4.57045411270933e-55
4241.56591936978 3.54036207477681e-55
4245.9865195984 2.74314551111915e-55
4250.40711982703 2.12599805226323e-55
4254.82772005566 1.64812345831732e-55
4259.24832028429 1.27799598789545e-55
4263.66892051292 9.91247530761476e-56
4268.08952074155 7.69037701327725e-56
4272.51012097018 5.96796177943072e-56
4276.93072119881 4.63252026041611e-56
4281.35132142744 3.59684328218853e-56
4285.77192165607 2.79343517811002e-56
4290.1925218847 2.17004416722919e-56
4294.61312211333 1.68620913825867e-56
4299.03372234196 1.3105910264788e-56
4303.45432257059 1.01890999403003e-56
4307.87492279921 7.92350484359446e-57
4312.29552302784 6.16327716888199e-57
4316.71612325647 4.79533470786504e-57
4321.1367234851 3.73197733449741e-57
4325.55732371373 2.90517234780889e-57
4329.97792394236 2.26213034241584e-57
4334.39852417099 1.76187929709734e-57
4338.81912439962 1.37261097702207e-57
4343.23972462825 1.06962502076114e-57
4347.66032485688 8.33735686188324e-58
4352.08092508551 6.50036824637654e-58
4356.50152531414 5.06944295021544e-58
4360.92212554277 3.95453303688032e-58
4365.3427257714 3.085622841017e-58
4369.76332600002 2.40825856248312e-58
4374.18392622865 1.88007857034653e-58
4378.60452645728 1.46811971930558e-58
4383.02512668591 1.14672558697053e-58
4387.44572691454 8.95921714912014e-59
4391.86632714317 7.00153269274078e-59
4396.2869273718 5.47304029511155e-59
4400.70752760043 4.27933813479756e-59
4405.12812782906 3.34685549826774e-59
4409.54872805769 2.61824139393124e-59
4413.96932828632 2.04877721748027e-59
4418.38992851495 1.60358534645673e-59
4422.81052874358 1.25545651642585e-59
